    time        S        I           R
1   0.00 11459998 2.000000 0.000000000
2   0.01 11459998 2.001664 0.008828645
3   0.02 11459998 2.003330 0.017664637
4   0.03 11459998 2.004997 0.026507983
5   0.04 11459998 2.006666 0.035358686
6   0.05 11459998 2.008336 0.044216756
7   0.06 11459998 2.010007 0.053082197
8   0.07 11459998 2.011680 0.061955015
9   0.08 11459998 2.013354 0.070835218
10  0.09 11459998 2.015029 0.079722810
11  0.10 11459998 2.016706 0.088617799
12  0.11 11459998 2.018384 0.097520189
13  0.12 11459998 2.020064 0.106429988
14  0.13 11459998 2.021745 0.115347202
15  0.14 11459998 2.023427 0.124271836
16  0.15 11459998 2.025111 0.133203897
17  0.16 11459998 2.026797 0.142143391
18  0.17 11459998 2.028483 0.151090325
19  0.18 11459998 2.030171 0.160044704
20  0.19 11459998 2.031861 0.169006535
21  0.20 11459998 2.033552 0.177975823
22  0.21 11459998 2.035244 0.186952576
23  0.22 11459998 2.036938 0.195936798
24  0.23 11459998 2.038633 0.204928498
25  0.24 11459998 2.040329 0.213927680
26  0.25 11459998 2.042027 0.222934351
27  0.26 11459998 2.043727 0.231948517
28  0.27 11459998 2.045427 0.240970184
29  0.28 11459998 2.047129 0.249999360
30  0.29 11459998 2.048833 0.259036049
31  0.30 11459998 2.050538 0.268080258
32  0.31 11459998 2.052244 0.277131994
33  0.32 11459998 2.053952 0.286191262
34  0.33 11459998 2.055662 0.295258069
35  0.34 11459998 2.057372 0.304332422
36  0.35 11459998 2.059084 0.313414326
37  0.36 11459998 2.060798 0.322503787
38  0.37 11459998 2.062513 0.331600813
39  0.38 11459998 2.064229 0.340705409
40  0.39 11459998 2.065947 0.349817582
41  0.40 11459998 2.067666 0.358937338
42  0.41 11459998 2.069387 0.368064683
43  0.42 11459998 2.071109 0.377199624
44  0.43 11459998 2.072833 0.386342166
45  0.44 11459998 2.074557 0.395492317
46  0.45 11459998 2.076284 0.404650082
47  0.46 11459998 2.078012 0.413815469
48  0.47 11459997 2.079741 0.422988482
49  0.48 11459997 2.081472 0.432169129
50  0.49 11459997 2.083204 0.441357417
51  0.50 11459997 2.084937 0.450553350
52  0.51 11459997 2.086673 0.459756936
53  0.52 11459997 2.088409 0.468968181
54  0.53 11459997 2.090147 0.478187092
55  0.54 11459997 2.091886 0.487413674
56  0.55 11459997 2.093627 0.496647934
57  0.56 11459997 2.095369 0.505889879
58  0.57 11459997 2.097113 0.515139515
59  0.58 11459997 2.098858 0.524396849
60  0.59 11459997 2.100605 0.533661886
61  0.60 11459997 2.102353 0.542934633
62  0.61 11459997 2.104103 0.552215097
63  0.62 11459997 2.105854 0.561503284
64  0.63 11459997 2.107606 0.570799200
65  0.64 11459997 2.109360 0.580102853
66  0.65 11459997 2.111115 0.589414247
67  0.66 11459997 2.112872 0.598733390
68  0.67 11459997 2.114630 0.608060289
69  0.68 11459997 2.116390 0.617394949
70  0.69 11459997 2.118151 0.626737377
71  0.70 11459997 2.119914 0.636087580
72  0.71 11459997 2.121678 0.645445564
73  0.72 11459997 2.123444 0.654811335
74  0.73 11459997 2.125211 0.664184901
75  0.74 11459997 2.126979 0.673566267
76  0.75 11459997 2.128749 0.682955439
77  0.76 11459997 2.130521 0.692352426
78  0.77 11459997 2.132294 0.701757232
79  0.78 11459997 2.134068 0.711169865
80  0.79 11459997 2.135844 0.720590331
81  0.80 11459997 2.137622 0.730018636
82  0.81 11459997 2.139401 0.739454787
83  0.82 11459997 2.141181 0.748898791
84  0.83 11459997 2.142963 0.758350654
85  0.84 11459997 2.144746 0.767810383
86  0.85 11459997 2.146531 0.777277984
87  0.86 11459997 2.148317 0.786753464
88  0.87 11459997 2.150105 0.796236829
89  0.88 11459997 2.151894 0.805728085
90  0.89 11459997 2.153685 0.815227241
91  0.90 11459997 2.155477 0.824734301
92  0.91 11459997 2.157271 0.834249273
93  0.92 11459997 2.159066 0.843772163
94  0.93 11459997 2.160863 0.853302977
95  0.94 11459997 2.162661 0.862841724
96  0.95 11459997 2.164461 0.872388408
97  0.96 11459997 2.166262 0.881943036
98  0.97 11459997 2.168065 0.891505616
99  0.98 11459997 2.169869 0.901076153
100 0.99 11459997 2.171675 0.910654655
101 1.00 11459997 2.173482 0.920241128
102 1.01 11459997 2.175291 0.929835579
103 1.02 11459997 2.177101 0.939438014
104 1.03 11459997 2.178913 0.949048440
105 1.04 11459997 2.180726 0.958666863
106 1.05 11459997 2.182541 0.968293291
107 1.06 11459997 2.184357 0.977927730
108 1.07 11459997 2.186175 0.987570186
109 1.08 11459997 2.187994 0.997220666
110 1.09 11459997 2.189815 1.006879178
111 1.10 11459997 2.191637 1.016545727
112 1.11 11459997 2.193461 1.026220320
113 1.12 11459997 2.195286 1.035902965
114 1.13 11459997 2.197113 1.045593667
115 1.14 11459997 2.198942 1.055292433
116 1.15 11459997 2.200772 1.064999271
117 1.16 11459997 2.202603 1.074714186
118 1.17 11459997 2.204436 1.084437186
119 1.18 11459997 2.206271 1.094168277
120 1.19 11459997 2.208107 1.103907466
121 1.20 11459997 2.209944 1.113654760
122 1.21 11459997 2.211783 1.123410166
123 1.22 11459997 2.213624 1.133173690
124 1.23 11459997 2.215466 1.142945338
125 1.24 11459997 2.217310 1.152725119
126 1.25 11459997 2.219155 1.162513038
127 1.26 11459997 2.221001 1.172309102
128 1.27 11459997 2.222850 1.182113318
129 1.28 11459997 2.224700 1.191925694
130 1.29 11459997 2.226551 1.201746235
131 1.30 11459997 2.228404 1.211574948
132 1.31 11459997 2.230258 1.221411841
133 1.32 11459997 2.232114 1.231256919
134 1.33 11459997 2.233972 1.241110191
135 1.34 11459997 2.235831 1.250971662
136 1.35 11459997 2.237691 1.260841340
137 1.36 11459996 2.239554 1.270719231
138 1.37 11459996 2.241417 1.280605342
139 1.38 11459996 2.243283 1.290499681
140 1.39 11459996 2.245149 1.300402253
141 1.40 11459996 2.247018 1.310313066
142 1.41 11459996 2.248888 1.320232126
143 1.42 11459996 2.250759 1.330159441
144 1.43 11459996 2.252632 1.340095017
145 1.44 11459996 2.254507 1.350038862
146 1.45 11459996 2.256383 1.359990981
147 1.46 11459996 2.258261 1.369951382
148 1.47 11459996 2.260140 1.379920073
149 1.48 11459996 2.262021 1.389897058
150 1.49 11459996 2.263903 1.399882347
151 1.50 11459996 2.265787 1.409875945
152 1.51 11459996 2.267673 1.419877860
153 1.52 11459996 2.269560 1.429888098
154 1.53 11459996 2.271448 1.439906666
155 1.54 11459996 2.273339 1.449933572
156 1.55 11459996 2.275231 1.459968821
157 1.56 11459996 2.277124 1.470012422
158 1.57 11459996 2.279019 1.480064381
159 1.58 11459996 2.280915 1.490124705
160 1.59 11459996 2.282814 1.500193401
161 1.60 11459996 2.284713 1.510270476
162 1.61 11459996 2.286615 1.520355937
163 1.62 11459996 2.288517 1.530449791
164 1.63 11459996 2.290422 1.540552044
165 1.64 11459996 2.292328 1.550662705
166 1.65 11459996 2.294236 1.560781779
167 1.66 11459996 2.296145 1.570909274
168 1.67 11459996 2.298056 1.581045198
169 1.68 11459996 2.299968 1.591189556
170 1.69 11459996 2.301882 1.601342356
171 1.70 11459996 2.303798 1.611503605
172 1.71 11459996 2.305715 1.621673310
173 1.72 11459996 2.307633 1.631851477
174 1.73 11459996 2.309554 1.642038115
175 1.74 11459996 2.311476 1.652233231
176 1.75 11459996 2.313399 1.662436830
177 1.76 11459996 2.315325 1.672648920
178 1.77 11459996 2.317251 1.682869509
179 1.78 11459996 2.319180 1.693098603
180 1.79 11459996 2.321110 1.703336210
181 1.80 11459996 2.323041 1.713582336
182 1.81 11459996 2.324974 1.723836989
183 1.82 11459996 2.326909 1.734100175
184 1.83 11459996 2.328846 1.744371902
185 1.84 11459996 2.330784 1.754652177
186 1.85 11459996 2.332723 1.764941008
187 1.86 11459996 2.334664 1.775238400
188 1.87 11459996 2.336607 1.785544362
189 1.88 11459996 2.338552 1.795858900
190 1.89 11459996 2.340498 1.806182021
191 1.90 11459996 2.342446 1.816513733
192 1.91 11459996 2.344395 1.826854043
193 1.92 11459996 2.346346 1.837202958
194 1.93 11459996 2.348299 1.847560486
195 1.94 11459996 2.350253 1.857926632
196 1.95 11459996 2.352209 1.868301405
197 1.96 11459996 2.354166 1.878684812
198 1.97 11459996 2.356125 1.889076859
199 1.98 11459996 2.358086 1.899477555
200 1.99 11459996 2.360048 1.909886906
201 2.00 11459996 2.362012 1.920304919
202 2.01 11459996 2.363978 1.930731602
203 2.02 11459996 2.365945 1.941166962
204 2.03 11459996 2.367914 1.951611005
205 2.04 11459996 2.369884 1.962063741
206 2.05 11459996 2.371857 1.972525174
207 2.06 11459996 2.373830 1.982995314
208 2.07 11459996 2.375806 1.993474166
209 2.08 11459996 2.377783 2.003961739
210 2.09 11459996 2.379762 2.014458039
211 2.10 11459996 2.381742 2.024963075
212 2.11 11459996 2.383724 2.035476852
213 2.12 11459996 2.385708 2.045999378
214 2.13 11459996 2.387693 2.056530661
215 2.14 11459996 2.389680 2.067070709
216 2.15 11459996 2.391669 2.077619527
217 2.16 11459996 2.393659 2.088177124
218 2.17 11459996 2.395651 2.098743506
219 2.18 11459995 2.397645 2.109318682
220 2.19 11459995 2.399640 2.119902658
221 2.20 11459995 2.401637 2.130495442
222 2.21 11459995 2.403635 2.141097041
223 2.22 11459995 2.405636 2.151707462
224 2.23 11459995 2.407638 2.162326714
225 2.24 11459995 2.409641 2.172954802
226 2.25 11459995 2.411646 2.183591735
227 2.26 11459995 2.413653 2.194237519
228 2.27 11459995 2.415662 2.204892163
229 2.28 11459995 2.417672 2.215555673
230 2.29 11459995 2.419684 2.226228058
231 2.30 11459995 2.421698 2.236909323
232 2.31 11459995 2.423713 2.247599478
233 2.32 11459995 2.425730 2.258298528
234 2.33 11459995 2.427749 2.269006482
235 2.34 11459995 2.429769 2.279723347
236 2.35 11459995 2.431791 2.290449131
237 2.36 11459995 2.433815 2.301183840
238 2.37 11459995 2.435840 2.311927482
239 2.38 11459995 2.437867 2.322680065
240 2.39 11459995 2.439896 2.333441596
241 2.40 11459995 2.441926 2.344212082
242 2.41 11459995 2.443958 2.354991532
243 2.42 11459995 2.445992 2.365779952
244 2.43 11459995 2.448028 2.376577349
245 2.44 11459995 2.450065 2.387383732
246 2.45 11459995 2.452104 2.398199108
247 2.46 11459995 2.454144 2.409023485
248 2.47 11459995 2.456187 2.419856869
249 2.48 11459995 2.458231 2.430699268
250 2.49 11459995 2.460276 2.441550690
 [ reached 'max' / getOption("max.print") -- omitted 29751 rows ]
