    time        S        I          R
1   0.00 10229998 2.000000 0.00000000
2   0.01 10229998 2.003027 0.01698824
3   0.02 10229998 2.006058 0.03400219
4   0.03 10229998 2.009094 0.05104189
5   0.04 10229998 2.012135 0.06810738
6   0.05 10229998 2.015180 0.08519869
7   0.06 10229998 2.018230 0.10231587
8   0.07 10229998 2.021285 0.11945896
9   0.08 10229998 2.024344 0.13662799
10  0.09 10229998 2.027408 0.15382301
11  0.10 10229998 2.030476 0.17104405
12  0.11 10229998 2.033549 0.18829115
13  0.12 10229998 2.036627 0.20556436
14  0.13 10229998 2.039709 0.22286371
15  0.14 10229998 2.042796 0.24018924
16  0.15 10229998 2.045888 0.25754099
17  0.16 10229998 2.048984 0.27491900
18  0.17 10229998 2.052085 0.29232331
19  0.18 10229998 2.055191 0.30975396
20  0.19 10229998 2.058301 0.32721100
21  0.20 10229998 2.061416 0.34469445
22  0.21 10229998 2.064536 0.36220436
23  0.22 10229998 2.067661 0.37974078
24  0.23 10229998 2.070790 0.39730373
25  0.24 10229998 2.073924 0.41489326
26  0.25 10229997 2.077063 0.43250942
27  0.26 10229997 2.080206 0.45015224
28  0.27 10229997 2.083354 0.46782175
29  0.28 10229997 2.086507 0.48551801
30  0.29 10229997 2.089665 0.50324106
31  0.30 10229997 2.092828 0.52099092
32  0.31 10229997 2.095995 0.53876765
33  0.32 10229997 2.099167 0.55657128
34  0.33 10229997 2.102344 0.57440186
35  0.34 10229997 2.105526 0.59225942
36  0.35 10229997 2.108713 0.61014401
37  0.36 10229997 2.111904 0.62805567
38  0.37 10229997 2.115100 0.64599443
39  0.38 10229997 2.118301 0.66396035
40  0.39 10229997 2.121507 0.68195345
41  0.40 10229997 2.124718 0.69997379
42  0.41 10229997 2.127934 0.71802140
43  0.42 10229997 2.131154 0.73609632
44  0.43 10229997 2.134380 0.75419860
45  0.44 10229997 2.137610 0.77232827
46  0.45 10229997 2.140845 0.79048539
47  0.46 10229997 2.144085 0.80866998
48  0.47 10229997 2.147330 0.82688209
49  0.48 10229997 2.150580 0.84512177
50  0.49 10229997 2.153835 0.86338905
51  0.50 10229997 2.157095 0.88168398
52  0.51 10229997 2.160359 0.90000660
53  0.52 10229997 2.163629 0.91835694
54  0.53 10229997 2.166903 0.93673506
55  0.54 10229997 2.170183 0.95514100
56  0.55 10229997 2.173467 0.97357479
57  0.56 10229997 2.176757 0.99203648
58  0.57 10229997 2.180051 1.01052611
59  0.58 10229997 2.183350 1.02904372
60  0.59 10229997 2.186655 1.04758936
61  0.60 10229997 2.189964 1.06616306
62  0.61 10229997 2.193279 1.08476488
63  0.62 10229997 2.196598 1.10339484
64  0.63 10229997 2.199922 1.12205301
65  0.64 10229997 2.203252 1.14073941
66  0.65 10229997 2.206586 1.15945409
67  0.66 10229997 2.209926 1.17819710
68  0.67 10229997 2.213270 1.19696847
69  0.68 10229997 2.216620 1.21576825
70  0.69 10229997 2.219975 1.23459649
71  0.70 10229997 2.223335 1.25345322
72  0.71 10229997 2.226700 1.27233849
73  0.72 10229996 2.230070 1.29125234
74  0.73 10229996 2.233445 1.31019481
75  0.74 10229996 2.236825 1.32916596
76  0.75 10229996 2.240210 1.34816581
77  0.76 10229996 2.243601 1.36719442
78  0.77 10229996 2.246996 1.38625183
79  0.78 10229996 2.250397 1.40533808
80  0.79 10229996 2.253803 1.42445322
81  0.80 10229996 2.257214 1.44359729
82  0.81 10229996 2.260630 1.46277033
83  0.82 10229996 2.264051 1.48197239
84  0.83 10229996 2.267478 1.50120351
85  0.84 10229996 2.270909 1.52046373
86  0.85 10229996 2.274346 1.53975311
87  0.86 10229996 2.277788 1.55907167
88  0.87 10229996 2.281236 1.57841948
89  0.88 10229996 2.284688 1.59779656
90  0.89 10229996 2.288146 1.61720298
91  0.90 10229996 2.291609 1.63663876
92  0.91 10229996 2.295077 1.65610396
93  0.92 10229996 2.298551 1.67559862
94  0.93 10229996 2.302029 1.69512278
95  0.94 10229996 2.305513 1.71467649
96  0.95 10229996 2.309003 1.73425979
97  0.96 10229996 2.312497 1.75387273
98  0.97 10229996 2.315997 1.77351536
99  0.98 10229996 2.319502 1.79318771
100 0.99 10229996 2.323012 1.81288984
101 1.00 10229996 2.326528 1.83262178
102 1.01 10229996 2.330049 1.85238359
103 1.02 10229996 2.333576 1.87217530
104 1.03 10229996 2.337107 1.89199697
105 1.04 10229996 2.340645 1.91184864
106 1.05 10229996 2.344187 1.93173035
107 1.06 10229996 2.347735 1.95164216
108 1.07 10229996 2.351288 1.97158409
109 1.08 10229996 2.354846 1.99155621
110 1.09 10229996 2.358410 2.01155856
111 1.10 10229996 2.361980 2.03159117
112 1.11 10229996 2.365554 2.05165411
113 1.12 10229996 2.369135 2.07174741
114 1.13 10229996 2.372720 2.09187112
115 1.14 10229996 2.376311 2.11202529
116 1.15 10229995 2.379907 2.13220995
117 1.16 10229995 2.383509 2.15242517
118 1.17 10229995 2.387117 2.17267098
119 1.18 10229995 2.390729 2.19294743
120 1.19 10229995 2.394348 2.21325457
121 1.20 10229995 2.397971 2.23359245
122 1.21 10229995 2.401600 2.25396110
123 1.22 10229995 2.405235 2.27436058
124 1.23 10229995 2.408875 2.29479093
125 1.24 10229995 2.412521 2.31525221
126 1.25 10229995 2.416172 2.33574445
127 1.26 10229995 2.419829 2.35626770
128 1.27 10229995 2.423491 2.37682201
129 1.28 10229995 2.427159 2.39740744
130 1.29 10229995 2.430832 2.41802401
131 1.30 10229995 2.434511 2.43867179
132 1.31 10229995 2.438196 2.45935082
133 1.32 10229995 2.441886 2.48006115
134 1.33 10229995 2.445582 2.50080282
135 1.34 10229995 2.449283 2.52157588
136 1.35 10229995 2.452990 2.54238038
137 1.36 10229995 2.456702 2.56321636
138 1.37 10229995 2.460420 2.58408388
139 1.38 10229995 2.464144 2.60498298
140 1.39 10229995 2.467873 2.62591371
141 1.40 10229995 2.471608 2.64687612
142 1.41 10229995 2.475349 2.66787026
143 1.42 10229995 2.479095 2.68889616
144 1.43 10229995 2.482847 2.70995389
145 1.44 10229995 2.486605 2.73104349
146 1.45 10229995 2.490368 2.75216501
147 1.46 10229995 2.494137 2.77331849
148 1.47 10229995 2.497912 2.79450399
149 1.48 10229995 2.501692 2.81572155
150 1.49 10229995 2.505478 2.83697122
151 1.50 10229995 2.509270 2.85825305
152 1.51 10229995 2.513068 2.87956709
153 1.52 10229995 2.516871 2.90091339
154 1.53 10229995 2.520681 2.92229199
155 1.54 10229995 2.524495 2.94370295
156 1.55 10229995 2.528316 2.96514632
157 1.56 10229994 2.532143 2.98662213
158 1.57 10229994 2.535975 3.00813045
159 1.58 10229994 2.539813 3.02967132
160 1.59 10229994 2.543657 3.05124479
161 1.60 10229994 2.547506 3.07285092
162 1.61 10229994 2.551362 3.09448974
163 1.62 10229994 2.555223 3.11616131
164 1.63 10229994 2.559090 3.13786568
165 1.64 10229994 2.562963 3.15960290
166 1.65 10229994 2.566842 3.18137301
167 1.66 10229994 2.570727 3.20317608
168 1.67 10229994 2.574618 3.22501214
169 1.68 10229994 2.578514 3.24688125
170 1.69 10229994 2.582417 3.26878345
171 1.70 10229994 2.586325 3.29071881
172 1.71 10229994 2.590239 3.31268736
173 1.72 10229994 2.594159 3.33468916
174 1.73 10229994 2.598086 3.35672426
175 1.74 10229994 2.602018 3.37879270
176 1.75 10229994 2.605956 3.40089455
177 1.76 10229994 2.609900 3.42302985
178 1.77 10229994 2.613849 3.44519864
179 1.78 10229994 2.617805 3.46740099
180 1.79 10229994 2.621767 3.48963694
181 1.80 10229994 2.625735 3.51190654
182 1.81 10229994 2.629709 3.53420985
183 1.82 10229994 2.633689 3.55654691
184 1.83 10229994 2.637675 3.57891778
185 1.84 10229994 2.641667 3.60132250
186 1.85 10229994 2.645665 3.62376113
187 1.86 10229994 2.649669 3.64623372
188 1.87 10229994 2.653679 3.66874033
189 1.88 10229994 2.657695 3.69128099
190 1.89 10229994 2.661717 3.71385577
191 1.90 10229994 2.665746 3.73646471
192 1.91 10229994 2.669780 3.75910788
193 1.92 10229994 2.673821 3.78178531
194 1.93 10229994 2.677868 3.80449706
195 1.94 10229993 2.681920 3.82724318
196 1.95 10229993 2.685979 3.85002373
197 1.96 10229993 2.690044 3.87283876
198 1.97 10229993 2.694116 3.89568832
199 1.98 10229993 2.698193 3.91857245
200 1.99 10229993 2.702276 3.94149122
201 2.00 10229993 2.706366 3.96444468
202 2.01 10229993 2.710462 3.98743288
203 2.02 10229993 2.714564 4.01045586
204 2.03 10229993 2.718673 4.03351369
205 2.04 10229993 2.722787 4.05660642
206 2.05 10229993 2.726908 4.07973410
207 2.06 10229993 2.731035 4.10289678
208 2.07 10229993 2.735168 4.12609451
209 2.08 10229993 2.739308 4.14932736
210 2.09 10229993 2.743453 4.17259536
211 2.10 10229993 2.747605 4.19589858
212 2.11 10229993 2.751764 4.21923707
213 2.12 10229993 2.755928 4.24261088
214 2.13 10229993 2.760099 4.26602006
215 2.14 10229993 2.764277 4.28946467
216 2.15 10229993 2.768460 4.31294477
217 2.16 10229993 2.772650 4.33646039
218 2.17 10229993 2.776846 4.36001161
219 2.18 10229993 2.781049 4.38359848
220 2.19 10229993 2.785258 4.40722104
221 2.20 10229993 2.789473 4.43087935
222 2.21 10229993 2.793695 4.45457346
223 2.22 10229993 2.797923 4.47830344
224 2.23 10229993 2.802157 4.50206933
225 2.24 10229993 2.806398 4.52587119
226 2.25 10229993 2.810646 4.54970907
227 2.26 10229993 2.814899 4.57358303
228 2.27 10229993 2.819160 4.59749312
229 2.28 10229993 2.823426 4.62143939
230 2.29 10229993 2.827699 4.64542191
231 2.30 10229992 2.831979 4.66944072
232 2.31 10229992 2.836265 4.69349589
233 2.32 10229992 2.840557 4.71758746
234 2.33 10229992 2.844856 4.74171549
235 2.34 10229992 2.849162 4.76588004
236 2.35 10229992 2.853474 4.79008116
237 2.36 10229992 2.857793 4.81431891
238 2.37 10229992 2.862118 4.83859334
239 2.38 10229992 2.866449 4.86290450
240 2.39 10229992 2.870787 4.88725246
241 2.40 10229992 2.875132 4.91163727
242 2.41 10229992 2.879484 4.93605899
243 2.42 10229992 2.883841 4.96051766
244 2.43 10229992 2.888206 4.98501335
245 2.44 10229992 2.892577 5.00954612
246 2.45 10229992 2.896955 5.03411601
247 2.46 10229992 2.901339 5.05872309
248 2.47 10229992 2.905730 5.08336741
249 2.48 10229992 2.910128 5.10804903
250 2.49 10229992 2.914532 5.13276800
 [ reached 'max' / getOption("max.print") -- omitted 14751 rows ]
