    time        S        I          R
1   0.00 56319997 3.000000 0.00000000
2   0.01 56319997 3.003557 0.01323039
3   0.02 56319997 3.007118 0.02647647
4   0.03 56319997 3.010684 0.03973825
5   0.04 56319997 3.014253 0.05301576
6   0.05 56319997 3.017827 0.06630901
7   0.06 56319997 3.021405 0.07961802
8   0.07 56319997 3.024988 0.09294281
9   0.08 56319997 3.028574 0.10628340
10  0.09 56319997 3.032165 0.11963981
11  0.10 56319997 3.035760 0.13301205
12  0.11 56319997 3.039360 0.14640015
13  0.12 56319997 3.042963 0.15980412
14  0.13 56319997 3.046571 0.17322398
15  0.14 56319997 3.050184 0.18665976
16  0.15 56319997 3.053800 0.20011146
17  0.16 56319997 3.057421 0.21357912
18  0.17 56319997 3.061046 0.22706274
19  0.18 56319997 3.064675 0.24056235
20  0.19 56319997 3.068309 0.25407797
21  0.20 56319997 3.071947 0.26760961
22  0.21 56319997 3.075589 0.28115730
23  0.22 56319997 3.079236 0.29472105
24  0.23 56319997 3.082887 0.30830088
25  0.24 56319997 3.086542 0.32189681
26  0.25 56319997 3.090202 0.33550886
27  0.26 56319997 3.093866 0.34913706
28  0.27 56319997 3.097534 0.36278141
29  0.28 56319997 3.101207 0.37644193
30  0.29 56319997 3.104884 0.39011866
31  0.30 56319996 3.108565 0.40381160
32  0.31 56319996 3.112251 0.41752078
33  0.32 56319996 3.115941 0.43124621
34  0.33 56319996 3.119635 0.44498791
35  0.34 56319996 3.123334 0.45874591
36  0.35 56319996 3.127037 0.47252022
37  0.36 56319996 3.130745 0.48631086
38  0.37 56319996 3.134457 0.50011785
39  0.38 56319996 3.138174 0.51394122
40  0.39 56319996 3.141894 0.52778097
41  0.40 56319996 3.145620 0.54163713
42  0.41 56319996 3.149349 0.55550972
43  0.42 56319996 3.153083 0.56939876
44  0.43 56319996 3.156822 0.58330427
45  0.44 56319996 3.160565 0.59722626
46  0.45 56319996 3.164312 0.61116476
47  0.46 56319996 3.168064 0.62511979
48  0.47 56319996 3.171820 0.63909137
49  0.48 56319996 3.175581 0.65307951
50  0.49 56319996 3.179346 0.66708423
51  0.50 56319996 3.183116 0.68110556
52  0.51 56319996 3.186890 0.69514352
53  0.52 56319996 3.190668 0.70919811
54  0.53 56319996 3.194452 0.72326938
55  0.54 56319996 3.198239 0.73735732
56  0.55 56319996 3.202031 0.75146197
57  0.56 56319996 3.205828 0.76558335
58  0.57 56319996 3.209629 0.77972146
59  0.58 56319996 3.213434 0.79387634
60  0.59 56319996 3.217244 0.80804801
61  0.60 56319996 3.221059 0.82223647
62  0.61 56319996 3.224878 0.83644176
63  0.62 56319996 3.228702 0.85066389
64  0.63 56319996 3.232530 0.86490289
65  0.64 56319996 3.236363 0.87915876
66  0.65 56319996 3.240200 0.89343154
67  0.66 56319996 3.244042 0.90772124
68  0.67 56319996 3.247888 0.92202789
69  0.68 56319996 3.251739 0.93635150
70  0.69 56319996 3.255594 0.95069209
71  0.70 56319996 3.259454 0.96504968
72  0.71 56319996 3.263319 0.97942430
73  0.72 56319996 3.267188 0.99381596
74  0.73 56319996 3.271062 1.00822469
75  0.74 56319996 3.274940 1.02265050
76  0.75 56319996 3.278823 1.03709341
77  0.76 56319996 3.282711 1.05155345
78  0.77 56319996 3.286603 1.06603063
79  0.78 56319996 3.290500 1.08052497
80  0.79 56319996 3.294401 1.09503651
81  0.80 56319996 3.298307 1.10956525
82  0.81 56319996 3.302218 1.12411121
83  0.82 56319996 3.306134 1.13867442
84  0.83 56319996 3.310053 1.15325490
85  0.84 56319996 3.313978 1.16785267
86  0.85 56319995 3.317907 1.18246774
87  0.86 56319995 3.321841 1.19710014
88  0.87 56319995 3.325780 1.21174990
89  0.88 56319995 3.329723 1.22641702
90  0.89 56319995 3.333671 1.24110153
91  0.90 56319995 3.337624 1.25580345
92  0.91 56319995 3.341581 1.27052281
93  0.92 56319995 3.345543 1.28525961
94  0.93 56319995 3.349510 1.30001389
95  0.94 56319995 3.353481 1.31478567
96  0.95 56319995 3.357457 1.32957496
97  0.96 56319995 3.361438 1.34438178
98  0.97 56319995 3.365424 1.35920616
99  0.98 56319995 3.369414 1.37404811
100 0.99 56319995 3.373409 1.38890767
101 1.00 56319995 3.377409 1.40378484
102 1.01 56319995 3.381413 1.41867965
103 1.02 56319995 3.385422 1.43359212
104 1.03 56319995 3.389436 1.44852227
105 1.04 56319995 3.393455 1.46347013
106 1.05 56319995 3.397479 1.47843571
107 1.06 56319995 3.401507 1.49341903
108 1.07 56319995 3.405540 1.50842012
109 1.08 56319995 3.409578 1.52343899
110 1.09 56319995 3.413620 1.53847567
111 1.10 56319995 3.417668 1.55353018
112 1.11 56319995 3.421720 1.56860254
113 1.12 56319995 3.425777 1.58369277
114 1.13 56319995 3.429839 1.59880089
115 1.14 56319995 3.433906 1.61392693
116 1.15 56319995 3.437977 1.62907090
117 1.16 56319995 3.442053 1.64423282
118 1.17 56319995 3.446134 1.65941273
119 1.18 56319995 3.450220 1.67461063
120 1.19 56319995 3.454311 1.68982655
121 1.20 56319995 3.458407 1.70506051
122 1.21 56319995 3.462507 1.72031253
123 1.22 56319995 3.466613 1.73558264
124 1.23 56319995 3.470723 1.75087085
125 1.24 56319995 3.474838 1.76617719
126 1.25 56319995 3.478958 1.78150168
127 1.26 56319995 3.483083 1.79684434
128 1.27 56319995 3.487213 1.81220519
129 1.28 56319995 3.491347 1.82758425
130 1.29 56319995 3.495487 1.84298154
131 1.30 56319995 3.499632 1.85839710
132 1.31 56319995 3.503781 1.87383093
133 1.32 56319995 3.507935 1.88928306
134 1.33 56319995 3.512094 1.90475351
135 1.34 56319995 3.516259 1.92024230
136 1.35 56319995 3.520428 1.93574946
137 1.36 56319995 3.524602 1.95127500
138 1.37 56319995 3.528781 1.96681895
139 1.38 56319994 3.532965 1.98238133
140 1.39 56319994 3.537154 1.99796217
141 1.40 56319994 3.541348 2.01356148
142 1.41 56319994 3.545546 2.02917928
143 1.42 56319994 3.549750 2.04481560
144 1.43 56319994 3.553959 2.06047046
145 1.44 56319994 3.558173 2.07614388
146 1.45 56319994 3.562392 2.09183589
147 1.46 56319994 3.566616 2.10754650
148 1.47 56319994 3.570844 2.12327574
149 1.48 56319994 3.575078 2.13902362
150 1.49 56319994 3.579317 2.15479018
151 1.50 56319994 3.583561 2.17057544
152 1.51 56319994 3.587810 2.18637940
153 1.52 56319994 3.592064 2.20220211
154 1.53 56319994 3.596323 2.21804358
155 1.54 56319994 3.600587 2.23390383
156 1.55 56319994 3.604856 2.24978289
157 1.56 56319994 3.609130 2.26568077
158 1.57 56319994 3.613409 2.28159750
159 1.58 56319994 3.617694 2.29753311
160 1.59 56319994 3.621983 2.31348761
161 1.60 56319994 3.626277 2.32946102
162 1.61 56319994 3.630577 2.34545338
163 1.62 56319994 3.634882 2.36146469
164 1.63 56319994 3.639191 2.37749499
165 1.64 56319994 3.643506 2.39354430
166 1.65 56319994 3.647826 2.40961264
167 1.66 56319994 3.652151 2.42570002
168 1.67 56319994 3.656482 2.44180649
169 1.68 56319994 3.660817 2.45793204
170 1.69 56319994 3.665157 2.47407672
171 1.70 56319994 3.669503 2.49024054
172 1.71 56319994 3.673854 2.50642353
173 1.72 56319994 3.678210 2.52262570
174 1.73 56319994 3.682571 2.53884709
175 1.74 56319994 3.686937 2.55508770
176 1.75 56319994 3.691309 2.57134758
177 1.76 56319994 3.695685 2.58762673
178 1.77 56319994 3.700067 2.60392518
179 1.78 56319994 3.704454 2.62024296
180 1.79 56319994 3.708847 2.63658008
181 1.80 56319994 3.713244 2.65293658
182 1.81 56319994 3.717647 2.66931247
183 1.82 56319994 3.722055 2.68570777
184 1.83 56319994 3.726468 2.70212252
185 1.84 56319994 3.730886 2.71855673
186 1.85 56319994 3.735310 2.73501042
187 1.86 56319994 3.739738 2.75148362
188 1.87 56319993 3.744173 2.76797635
189 1.88 56319993 3.748612 2.78448864
190 1.89 56319993 3.753057 2.80102051
191 1.90 56319993 3.757506 2.81757197
192 1.91 56319993 3.761962 2.83414306
193 1.92 56319993 3.766422 2.85073380
194 1.93 56319993 3.770888 2.86734421
195 1.94 56319993 3.775359 2.88397432
196 1.95 56319993 3.779835 2.90062414
197 1.96 56319993 3.784317 2.91729370
198 1.97 56319993 3.788804 2.93398303
199 1.98 56319993 3.793296 2.95069215
200 1.99 56319993 3.797793 2.96742108
201 2.00 56319993 3.802296 2.98416984
202 2.01 56319993 3.806805 3.00093846
203 2.02 56319993 3.811318 3.01772696
204 2.03 56319993 3.815837 3.03453537
205 2.04 56319993 3.820361 3.05136371
206 2.05 56319993 3.824891 3.06821200
207 2.06 56319993 3.829426 3.08508027
208 2.07 56319993 3.833967 3.10196854
209 2.08 56319993 3.838512 3.11887683
210 2.09 56319993 3.843064 3.13580517
211 2.10 56319993 3.847620 3.15275358
212 2.11 56319993 3.852182 3.16972208
213 2.12 56319993 3.856750 3.18671070
214 2.13 56319993 3.861322 3.20371947
215 2.14 56319993 3.865901 3.22074841
216 2.15 56319993 3.870484 3.23779753
217 2.16 56319993 3.875073 3.25486687
218 2.17 56319993 3.879668 3.27195645
219 2.18 56319993 3.884268 3.28906629
220 2.19 56319993 3.888873 3.30619641
221 2.20 56319993 3.893484 3.32334685
222 2.21 56319993 3.898101 3.34051762
223 2.22 56319993 3.902723 3.35770875
224 2.23 56319993 3.907350 3.37492027
225 2.24 56319993 3.911983 3.39215219
226 2.25 56319993 3.916621 3.40940454
227 2.26 56319993 3.921265 3.42667735
228 2.27 56319993 3.925914 3.44397064
229 2.28 56319993 3.930569 3.46128443
230 2.29 56319993 3.935229 3.47861875
231 2.30 56319993 3.939895 3.49597362
232 2.31 56319993 3.944567 3.51334907
233 2.32 56319993 3.949243 3.53074512
234 2.33 56319992 3.953926 3.54816180
235 2.34 56319992 3.958614 3.56559913
236 2.35 56319992 3.963308 3.58305713
237 2.36 56319992 3.968007 3.60053583
238 2.37 56319992 3.972711 3.61803526
239 2.38 56319992 3.977422 3.63555543
240 2.39 56319992 3.982138 3.65309638
241 2.40 56319992 3.986859 3.67065812
242 2.41 56319992 3.991586 3.68824069
243 2.42 56319992 3.996319 3.70584410
244 2.43 56319992 4.001057 3.72346839
245 2.44 56319992 4.005801 3.74111357
246 2.45 56319992 4.010551 3.75877968
247 2.46 56319992 4.015306 3.77646673
248 2.47 56319992 4.020067 3.79417475
249 2.48 56319992 4.024833 3.81190376
250 2.49 56319992 4.029605 3.82965380
 [ reached 'max' / getOption("max.print") -- omitted 29751 rows ]
