    time        S        I          R
1   0.00 12209995 5.000000 0.00000000
2   0.01 12209995 5.004487 0.02276781
3   0.02 12209995 5.008978 0.04555605
4   0.03 12209995 5.013473 0.06836474
5   0.04 12209995 5.017971 0.09119389
6   0.05 12209995 5.022474 0.11404353
7   0.06 12209995 5.026981 0.13691368
8   0.07 12209995 5.031492 0.15980434
9   0.08 12209995 5.036007 0.18271555
10  0.09 12209995 5.040527 0.20564732
11  0.10 12209995 5.045050 0.22859967
12  0.11 12209995 5.049577 0.25157261
13  0.12 12209995 5.054108 0.27456617
14  0.13 12209995 5.058644 0.29758036
15  0.14 12209995 5.063183 0.32061521
16  0.15 12209995 5.067727 0.34367072
17  0.16 12209995 5.072274 0.36674692
18  0.17 12209995 5.076826 0.38984383
19  0.18 12209995 5.081382 0.41296147
20  0.19 12209994 5.085941 0.43609985
21  0.20 12209994 5.090505 0.45925900
22  0.21 12209994 5.095073 0.48243893
23  0.22 12209994 5.099645 0.50563966
24  0.23 12209994 5.104222 0.52886121
25  0.24 12209994 5.108802 0.55210359
26  0.25 12209994 5.113386 0.57536684
27  0.26 12209994 5.117975 0.59865095
28  0.27 12209994 5.122568 0.62195597
29  0.28 12209994 5.127164 0.64528189
30  0.29 12209994 5.131765 0.66862875
31  0.30 12209994 5.136370 0.69199656
32  0.31 12209994 5.140980 0.71538534
33  0.32 12209994 5.145593 0.73879510
34  0.33 12209994 5.150210 0.76222588
35  0.34 12209994 5.154832 0.78567767
36  0.35 12209994 5.159458 0.80915052
37  0.36 12209994 5.164088 0.83264442
38  0.37 12209994 5.168722 0.85615941
39  0.38 12209994 5.173360 0.87969551
40  0.39 12209994 5.178002 0.90325272
41  0.40 12209994 5.182649 0.92683107
42  0.41 12209994 5.187299 0.95043058
43  0.42 12209994 5.191954 0.97405126
44  0.43 12209994 5.196613 0.99769314
45  0.44 12209994 5.201277 1.02135624
46  0.45 12209994 5.205944 1.04504058
47  0.46 12209994 5.210616 1.06874616
48  0.47 12209994 5.215291 1.09247302
49  0.48 12209994 5.219971 1.11622117
50  0.49 12209994 5.224656 1.13999063
51  0.50 12209994 5.229344 1.16378142
52  0.51 12209994 5.234037 1.18759356
53  0.52 12209994 5.238733 1.21142706
54  0.53 12209994 5.243435 1.23528196
55  0.54 12209993 5.248140 1.25915826
56  0.55 12209993 5.252849 1.28305599
57  0.56 12209993 5.257563 1.30697516
58  0.57 12209993 5.262281 1.33091579
59  0.58 12209993 5.267003 1.35487791
60  0.59 12209993 5.271729 1.37886153
61  0.60 12209993 5.276460 1.40286668
62  0.61 12209993 5.281195 1.42689336
63  0.62 12209993 5.285934 1.45094161
64  0.63 12209993 5.290677 1.47501143
65  0.64 12209993 5.295425 1.49910286
66  0.65 12209993 5.300177 1.52321590
67  0.66 12209993 5.304933 1.54735058
68  0.67 12209993 5.309694 1.57150692
69  0.68 12209993 5.314458 1.59568494
70  0.69 12209993 5.319227 1.61988465
71  0.70 12209993 5.324001 1.64410608
72  0.71 12209993 5.328778 1.66834924
73  0.72 12209993 5.333560 1.69261416
74  0.73 12209993 5.338346 1.71690085
75  0.74 12209993 5.343137 1.74120934
76  0.75 12209993 5.347931 1.76553964
77  0.76 12209993 5.352730 1.78989177
78  0.77 12209993 5.357534 1.81426576
79  0.78 12209993 5.362341 1.83866161
80  0.79 12209993 5.367153 1.86307936
81  0.80 12209993 5.371969 1.88751903
82  0.81 12209993 5.376790 1.91198062
83  0.82 12209993 5.381615 1.93646416
84  0.83 12209993 5.386444 1.96096968
85  0.84 12209993 5.391278 1.98549718
86  0.85 12209993 5.396116 2.01004669
87  0.86 12209993 5.400958 2.03461824
88  0.87 12209993 5.405805 2.05921183
89  0.88 12209993 5.410656 2.08382749
90  0.89 12209992 5.415511 2.10846525
91  0.90 12209992 5.420371 2.13312511
92  0.91 12209992 5.425235 2.15780710
93  0.92 12209992 5.430103 2.18251124
94  0.93 12209992 5.434976 2.20723754
95  0.94 12209992 5.439853 2.23198604
96  0.95 12209992 5.444734 2.25675674
97  0.96 12209992 5.449620 2.28154967
98  0.97 12209992 5.454511 2.30636485
99  0.98 12209992 5.459405 2.33120230
100 0.99 12209992 5.464304 2.35606204
101 1.00 12209992 5.469208 2.38094408
102 1.01 12209992 5.474116 2.40584846
103 1.02 12209992 5.479028 2.43077518
104 1.03 12209992 5.483944 2.45572426
105 1.04 12209992 5.488866 2.48069574
106 1.05 12209992 5.493791 2.50568963
107 1.06 12209992 5.498721 2.53070594
108 1.07 12209992 5.503655 2.55574471
109 1.08 12209992 5.508594 2.58080594
110 1.09 12209992 5.513537 2.60588966
111 1.10 12209992 5.518485 2.63099589
112 1.11 12209992 5.523437 2.65612465
113 1.12 12209992 5.528393 2.68127596
114 1.13 12209992 5.533354 2.70644983
115 1.14 12209992 5.538320 2.73164630
116 1.15 12209992 5.543290 2.75686538
117 1.16 12209992 5.548264 2.78210709
118 1.17 12209992 5.553243 2.80737145
119 1.18 12209992 5.558226 2.83265848
120 1.19 12209992 5.563214 2.85796821
121 1.20 12209992 5.568206 2.88330064
122 1.21 12209992 5.573203 2.90865581
123 1.22 12209991 5.578204 2.93403373
124 1.23 12209991 5.583209 2.95943442
125 1.24 12209991 5.588220 2.98485791
126 1.25 12209991 5.593234 3.01030421
127 1.26 12209991 5.598253 3.03577334
128 1.27 12209991 5.603277 3.06126533
129 1.28 12209991 5.608305 3.08678020
130 1.29 12209991 5.613338 3.11231796
131 1.30 12209991 5.618375 3.13787864
132 1.31 12209991 5.623417 3.16346226
133 1.32 12209991 5.628463 3.18906883
134 1.33 12209991 5.633514 3.21469838
135 1.34 12209991 5.638569 3.24035093
136 1.35 12209991 5.643629 3.26602650
137 1.36 12209991 5.648693 3.29172511
138 1.37 12209991 5.653762 3.31744678
139 1.38 12209991 5.658836 3.34319153
140 1.39 12209991 5.663914 3.36895939
141 1.40 12209991 5.668996 3.39475037
142 1.41 12209991 5.674083 3.42056449
143 1.42 12209991 5.679175 3.44640177
144 1.43 12209991 5.684271 3.47226225
145 1.44 12209991 5.689372 3.49814592
146 1.45 12209991 5.694477 3.52405283
147 1.46 12209991 5.699587 3.54998298
148 1.47 12209991 5.704702 3.57593640
149 1.48 12209991 5.709821 3.60191311
150 1.49 12209991 5.714945 3.62791313
151 1.50 12209991 5.720073 3.65393649
152 1.51 12209991 5.725206 3.67998319
153 1.52 12209991 5.730344 3.70605327
154 1.53 12209991 5.735486 3.73214674
155 1.54 12209991 5.740633 3.75826363
156 1.55 12209990 5.745784 3.78440395
157 1.56 12209990 5.750940 3.81056774
158 1.57 12209990 5.756101 3.83675499
159 1.58 12209990 5.761266 3.86296575
160 1.59 12209990 5.766436 3.88920003
161 1.60 12209990 5.771611 3.91545785
162 1.61 12209990 5.776790 3.94173924
163 1.62 12209990 5.781974 3.96804420
164 1.63 12209990 5.787162 3.99437278
165 1.64 12209990 5.792355 4.02072498
166 1.65 12209990 5.797553 4.04710082
167 1.66 12209990 5.802756 4.07350034
168 1.67 12209990 5.807963 4.09992354
169 1.68 12209990 5.813175 4.12637046
170 1.69 12209990 5.818391 4.15284110
171 1.70 12209990 5.823612 4.17933551
172 1.71 12209990 5.828838 4.20585368
173 1.72 12209990 5.834069 4.23239565
174 1.73 12209990 5.839304 4.25896145
175 1.74 12209990 5.844544 4.28555108
176 1.75 12209990 5.849789 4.31216457
177 1.76 12209990 5.855038 4.33880194
178 1.77 12209990 5.860292 4.36546321
179 1.78 12209990 5.865551 4.39214841
180 1.79 12209990 5.870814 4.41885756
181 1.80 12209990 5.876083 4.44559067
182 1.81 12209990 5.881356 4.47234778
183 1.82 12209990 5.886633 4.49912889
184 1.83 12209990 5.891916 4.52593404
185 1.84 12209990 5.897203 4.55276324
186 1.85 12209990 5.902495 4.57961651
187 1.86 12209989 5.907792 4.60649388
188 1.87 12209989 5.913093 4.63339537
189 1.88 12209989 5.918399 4.66032101
190 1.89 12209989 5.923710 4.68727080
191 1.90 12209989 5.929026 4.71424478
192 1.91 12209989 5.934346 4.74124296
193 1.92 12209989 5.939671 4.76826537
194 1.93 12209989 5.945001 4.79531203
195 1.94 12209989 5.950336 4.82238295
196 1.95 12209989 5.955676 4.84947818
197 1.96 12209989 5.961020 4.87659771
198 1.97 12209989 5.966369 4.90374158
199 1.98 12209989 5.971723 4.93090981
200 1.99 12209989 5.977082 4.95810242
201 2.00 12209989 5.982446 4.98531943
202 2.01 12209989 5.987814 5.01256086
203 2.02 12209989 5.993187 5.03982674
204 2.03 12209989 5.998565 5.06711709
205 2.04 12209989 6.003948 5.09443192
206 2.05 12209989 6.009336 5.12177127
207 2.06 12209989 6.014728 5.14913515
208 2.07 12209989 6.020126 5.17652358
209 2.08 12209989 6.025528 5.20393660
210 2.09 12209989 6.030935 5.23137421
211 2.10 12209989 6.036347 5.25883644
212 2.11 12209989 6.041764 5.28632332
213 2.12 12209989 6.047185 5.31383486
214 2.13 12209989 6.052612 5.34137109
215 2.14 12209989 6.058043 5.36893203
216 2.15 12209989 6.063479 5.39651770
217 2.16 12209989 6.068921 5.42412813
218 2.17 12209988 6.074367 5.45176333
219 2.18 12209988 6.079817 5.47942333
220 2.19 12209988 6.085273 5.50710815
221 2.20 12209988 6.090734 5.53481782
222 2.21 12209988 6.096200 5.56255235
223 2.22 12209988 6.101670 5.59031177
224 2.23 12209988 6.107145 5.61809609
225 2.24 12209988 6.112626 5.64590535
226 2.25 12209988 6.118111 5.67373957
227 2.26 12209988 6.123601 5.70159876
228 2.27 12209988 6.129096 5.72948296
229 2.28 12209988 6.134596 5.75739217
230 2.29 12209988 6.140101 5.78532643
231 2.30 12209988 6.145611 5.81328576
232 2.31 12209988 6.151126 5.84127017
233 2.32 12209988 6.156645 5.86927970
234 2.33 12209988 6.162170 5.89731437
235 2.34 12209988 6.167700 5.92537419
236 2.35 12209988 6.173234 5.95345918
237 2.36 12209988 6.178774 5.98156939
238 2.37 12209988 6.184319 6.00970481
239 2.38 12209988 6.189868 6.03786549
240 2.39 12209988 6.195423 6.06605143
241 2.40 12209988 6.200982 6.09426267
242 2.41 12209988 6.206547 6.12249922
243 2.42 12209988 6.212116 6.15076111
244 2.43 12209988 6.217691 6.17904837
245 2.44 12209988 6.223270 6.20736100
246 2.45 12209988 6.228855 6.23569905
247 2.46 12209988 6.234444 6.26406252
248 2.47 12209987 6.240039 6.29245144
249 2.48 12209987 6.245638 6.32086584
250 2.49 12209987 6.251243 6.34930574
 [ reached 'max' / getOption("max.print") -- omitted 29751 rows ]
