    time           X1           X2
1   0.00 5.631999e+07 1.000000e+01
2   0.01 5.631999e+07 1.285867e+01
3   0.02 5.631998e+07 1.653454e+01
4   0.03 5.631998e+07 2.126121e+01
5   0.04 5.631997e+07 2.733909e+01
6   0.05 5.631996e+07 3.515443e+01
7   0.06 5.631995e+07 4.520391e+01
8   0.07 5.631994e+07 5.812621e+01
9   0.08 5.631992e+07 7.474255e+01
10  0.09 5.631990e+07 9.610894e+01
11  0.10 5.631988e+07 1.235833e+02
12  0.11 5.631984e+07 1.589115e+02
13  0.12 5.631979e+07 2.043389e+02
14  0.13 5.631974e+07 2.627524e+02
15  0.14 5.631966e+07 3.378642e+02
16  0.15 5.631956e+07 4.344477e+02
17  0.16 5.631944e+07 5.586407e+02
18  0.17 5.631928e+07 7.183355e+02
19  0.18 5.631907e+07 9.236806e+02
20  0.19 5.631880e+07 1.187725e+03
21  0.20 5.631846e+07 1.527247e+03
22  0.21 5.631802e+07 1.963821e+03
23  0.22 5.631745e+07 2.525187e+03
24  0.23 5.631673e+07 3.247012e+03
25  0.24 5.631579e+07 4.175155e+03
26  0.25 5.631459e+07 5.368579e+03
27  0.26 5.631304e+07 6.903088e+03
28  0.27 5.631105e+07 8.876137e+03
29  0.28 5.630850e+07 1.141301e+04
30  0.29 5.630521e+07 1.467475e+04
31  0.30 5.630098e+07 1.886835e+04
32  0.31 5.629555e+07 2.425982e+04
33  0.32 5.628856e+07 3.119101e+04
34  0.33 5.627958e+07 4.010104e+04
35  0.34 5.626804e+07 5.155394e+04
36  0.35 5.625320e+07 6.627389e+04
37  0.36 5.623413e+07 8.519030e+04
38  0.37 5.620963e+07 1.094953e+05
39  0.38 5.617816e+07 1.407169e+05
40  0.39 5.613775e+07 1.808121e+05
41  0.40 5.608586e+07 2.322837e+05
42  0.41 5.601929e+07 2.983287e+05
43  0.42 5.593392e+07 3.830218e+05
44  0.43 5.582453e+07 4.915443e+05
45  0.44 5.568449e+07 6.304626e+05
46  0.45 5.550546e+07 8.080641e+05
47  0.46 5.527694e+07 1.034751e+06
48  0.47 5.498585e+07 1.323491e+06
49  0.48 5.461605e+07 1.690297e+06
50  0.49 5.414780e+07 2.154715e+06
51  0.50 5.355742e+07 2.740226e+06
52  0.51 5.281700e+07 3.474463e+06
53  0.52 5.189459e+07 4.389043e+06
54  0.53 5.075498e+07 5.518781e+06
55  0.54 4.936141e+07 6.899973e+06
56  0.55 4.767853e+07 8.567441e+06
57  0.56 4.567676e+07 1.055015e+07
58  0.57 4.333805e+07 1.286550e+07
59  0.58 4.066231e+07 1.551291e+07
60  0.59 3.767334e+07 1.846795e+07
61  0.60 3.442234e+07 2.167884e+07
62  0.61 3.098727e+07 2.506718e+07
63  0.62 2.746695e+07 2.853391e+07
64  0.63 2.397036e+07 3.196998e+07
65  0.64 2.060348e+07 3.526959e+07
66  0.65 1.745688e+07 3.834253e+07
67  0.66 1.459705e+07 4.112285e+07
68  0.67 1.206283e+07 4.357231e+07
69  0.68 9.866923e+06 4.567891e+07
70  0.69 8.000672e+06 4.745198e+07
71  0.70 6.440408e+06 4.891582e+07
72  0.71 5.153656e+06 5.010351e+07
73  0.72 4.104278e+06 5.105170e+07
74  0.73 3.256188e+06 5.179691e+07
75  0.74 2.575707e+06 5.237320e+07
76  0.75 2.032812e+06 5.281089e+07
77  0.76 1.601610e+06 5.313612e+07
78  0.77 1.260295e+06 5.337092e+07
79  0.78 9.908372e+05 5.353346e+07
80  0.79 7.785258e+05 5.363859e+07
81  0.80 6.114831e+05 5.369829e+07
82  0.81 4.801928e+05 5.372216e+07
83  0.82 3.770760e+05 5.371783e+07
84  0.83 2.961237e+05 5.369137e+07
85  0.84 2.325877e+05 5.364756e+07
86  0.85 1.827257e+05 5.359018e+07
87  0.86 1.435937e+05 5.352220e+07
88  0.87 1.128788e+05 5.344595e+07
89  0.88 8.876571e+04 5.336325e+07
90  0.89 6.983041e+04 5.327555e+07
91  0.90 5.495652e+04 5.318396e+07
92  0.91 4.326891e+04 5.308937e+07
93  0.92 3.408159e+04 5.299248e+07
94  0.93 2.685684e+04 5.289382e+07
95  0.94 2.117308e+04 5.279381e+07
96  0.95 1.669974e+04 5.269280e+07
97  0.96 1.317751e+04 5.259104e+07
98  0.97 1.040295e+04 5.248873e+07
99  0.98 8.216370e+03 5.238604e+07
100 0.99 6.492387e+03 5.228310e+07
101 1.00 5.132513e+03 5.218000e+07
102 1.01 4.059358e+03 5.207681e+07
103 1.02 3.212079e+03 5.197361e+07
104 1.03 2.542827e+03 5.187043e+07
105 1.04 2.013951e+03 5.176733e+07
106 1.05 1.595815e+03 5.166431e+07
107 1.06 1.265077e+03 5.156142e+07
108 1.07 1.003351e+03 5.145866e+07
109 1.08 7.961391e+02 5.135605e+07
110 1.09 6.320123e+02 5.125361e+07
111 1.10 5.019519e+02 5.115133e+07
112 1.11 3.988397e+02 5.104923e+07
113 1.12 3.170546e+02 5.094732e+07
114 1.13 2.521556e+02 5.084559e+07
115 1.14 2.006327e+02 5.074405e+07
116 1.15 1.597104e+02 5.064271e+07
117 1.16 1.271928e+02 5.054156e+07
118 1.17 1.013419e+02 5.044060e+07
119 1.18 8.078168e+01 5.033984e+07
120 1.19 6.442187e+01 5.023928e+07
121 1.20 5.139846e+01 5.013891e+07
122 1.21 4.102635e+01 5.003874e+07
123 1.22 3.276205e+01 4.993878e+07
124 1.23 2.617427e+01 4.983900e+07
125 1.24 2.092053e+01 4.973943e+07
126 1.25 1.672882e+01 4.964006e+07
127 1.26 1.338295e+01 4.954088e+07
128 1.27 1.071105e+01 4.944190e+07
129 1.28 8.576406e+00 4.934312e+07
130 1.29 6.870234e+00 4.924453e+07
131 1.30 5.505924e+00 4.914614e+07
132 1.31 4.414494e+00 4.904795e+07
133 1.32 3.540979e+00 4.894995e+07
134 1.33 2.841562e+00 4.885215e+07
135 1.34 2.281296e+00 4.875454e+07
136 1.35 1.832301e+00 4.865713e+07
137 1.36 1.472320e+00 4.855991e+07
138 1.37 1.183579e+00 4.846289e+07
139 1.38 9.518794e-01 4.836606e+07
140 1.39 7.658707e-01 4.826943e+07
141 1.40 6.164781e-01 4.817299e+07
142 1.41 4.964416e-01 4.807674e+07
143 1.42 3.999507e-01 4.798068e+07
144 1.43 3.223535e-01 4.788481e+07
145 1.44 2.599234e-01 4.778914e+07
146 1.45 2.096743e-01 4.769366e+07
147 1.46 1.692121e-01 4.759837e+07
148 1.47 1.366166e-01 4.750326e+07
149 1.48 1.103472e-01 4.740835e+07
150 1.49 8.916710e-02 4.731363e+07
151 1.50 7.208298e-02 4.721910e+07
152 1.51 5.829688e-02 4.712475e+07
153 1.52 4.716742e-02 4.703060e+07
154 1.53 3.817884e-02 4.693663e+07
155 1.54 3.091624e-02 4.684285e+07
156 1.55 2.504574e-02 4.674926e+07
157 1.56 2.029849e-02 4.665585e+07
158 1.57 1.645795e-02 4.656264e+07
159 1.58 1.334965e-02 4.646960e+07
160 1.59 1.083292e-02 4.637676e+07
161 1.60 8.794329e-03 4.628410e+07
162 1.61 7.142342e-03 4.619162e+07
163 1.62 5.803087e-03 4.609933e+07
164 1.63 4.716911e-03 4.600722e+07
165 1.64 3.835624e-03 4.591530e+07
166 1.65 3.120282e-03 4.582356e+07
167 1.66 2.539398e-03 4.573201e+07
168 1.67 2.067505e-03 4.564063e+07
169 1.68 1.683994e-03 4.554944e+07
170 1.69 1.372185e-03 4.545844e+07
171 1.70 1.118568e-03 4.536761e+07
172 1.71 9.121987e-04 4.527697e+07
173 1.72 7.442065e-04 4.518650e+07
174 1.73 6.073990e-04 4.509622e+07
175 1.74 4.959421e-04 4.500612e+07
176 1.75 4.051014e-04 4.491620e+07
177 1.76 3.310336e-04 4.482645e+07
178 1.77 2.706173e-04 4.473689e+07
179 1.78 2.213166e-04 4.464750e+07
180 1.79 1.810701e-04 4.455830e+07
181 1.80 1.482019e-04 4.446927e+07
182 1.81 1.213485e-04 4.438042e+07
183 1.82 9.940055e-05 4.429175e+07
184 1.83 8.145470e-05 4.420325e+07
185 1.84 6.677537e-05 4.411494e+07
186 1.85 5.476320e-05 4.402679e+07
187 1.86 4.492969e-05 4.393883e+07
188 1.87 3.687651e-05 4.385104e+07
189 1.88 3.027872e-05 4.376342e+07
190 1.89 2.487117e-05 4.367599e+07
191 1.90 2.043740e-05 4.358872e+07
192 1.91 1.680063e-05 4.350163e+07
193 1.92 1.381642e-05 4.341471e+07
194 1.93 1.136671e-05 4.332797e+07
195 1.94 9.355000e-06 4.324140e+07
196 1.95 7.702322e-06 4.315501e+07
197 1.96 6.344073e-06 4.306878e+07
198 1.97 5.227368e-06 4.298273e+07
199 1.98 4.308895e-06 4.289685e+07
200 1.99 3.553174e-06 4.281114e+07
201 2.00 2.931125e-06 4.272561e+07
202 2.01 2.418907e-06 4.264024e+07
203 2.02 1.996966e-06 4.255505e+07
204 2.03 1.649257e-06 4.247002e+07
205 2.04 1.362612e-06 4.238517e+07
206 2.05 1.126216e-06 4.230048e+07
207 2.06 9.311859e-07 4.221596e+07
208 2.07 7.702225e-07 4.213162e+07
209 2.08 6.373245e-07 4.204744e+07
210 2.09 5.275570e-07 4.196343e+07
211 2.10 4.368599e-07 4.187958e+07
212 2.11 3.618917e-07 4.179591e+07
213 2.12 2.999014e-07 4.171240e+07
214 2.13 2.486230e-07 4.162906e+07
215 2.14 2.061897e-07 4.154588e+07
216 2.15 1.710625e-07 4.146287e+07
217 2.16 1.419727e-07 4.138003e+07
218 2.17 1.178736e-07 4.129735e+07
219 2.18 9.790157e-08 4.121484e+07
220 2.19 8.134369e-08 4.113249e+07
221 2.20 6.761123e-08 4.105031e+07
222 2.21 5.621786e-08 4.096829e+07
223 2.22 4.676165e-08 4.088644e+07
224 2.23 3.891035e-08 4.080475e+07
225 2.24 3.238918e-08 4.072322e+07
226 2.25 2.697081e-08 4.064185e+07
227 2.26 2.246709e-08 4.056065e+07
228 2.27 1.872226e-08 4.047961e+07
229 2.28 1.560730e-08 4.039873e+07
230 2.29 1.301533e-08 4.031802e+07
231 2.30 1.085776e-08 4.023746e+07
232 2.31 9.061135e-09 4.015707e+07
233 2.32 7.564529e-09 4.007683e+07
234 2.33 6.317391e-09 3.999676e+07
235 2.34 5.277764e-09 3.991685e+07
236 2.35 4.410809e-09 3.983709e+07
237 2.36 3.687586e-09 3.975750e+07
238 2.37 3.084051e-09 3.967806e+07
239 2.38 2.580215e-09 3.959878e+07
240 2.39 2.159460e-09 3.951967e+07
241 2.40 1.807960e-09 3.944071e+07
242 2.41 1.514212e-09 3.936190e+07
243 2.42 1.268640e-09 3.928326e+07
244 2.43 1.063270e-09 3.920477e+07
245 2.44 8.914599e-10 3.912644e+07
246 2.45 7.476755e-10 3.904826e+07
247 2.46 6.273026e-10 3.897025e+07
248 2.47 5.264939e-10 3.889238e+07
249 2.48 4.420401e-10 3.881468e+07
250 2.49 3.712630e-10 3.873712e+07
251 2.50 3.119270e-10 3.865973e+07
252 2.51 2.621655e-10 3.858249e+07
253 2.52 2.204189e-10 3.850540e+07
254 2.53 1.853841e-10 3.842846e+07
255 2.54 1.559720e-10 3.835168e+07
256 2.55 1.312715e-10 3.827506e+07
257 2.56 1.105208e-10 3.819858e+07
258 2.57 9.308221e-11 3.812226e+07
259 2.58 7.842210e-11 3.804609e+07
260 2.59 6.609353e-11 3.797008e+07
261 2.60 5.572215e-11 3.789421e+07
262 2.61 4.699426e-11 3.781850e+07
263 2.62 3.964694e-11 3.774294e+07
264 2.63 3.345969e-11 3.766753e+07
265 2.64 2.824760e-11 3.759227e+07
266 2.65 2.385547e-11 3.751716e+07
267 2.66 2.015306e-11 3.744220e+07
268 2.67 1.703102e-11 3.736739e+07
269 2.68 1.439747e-11 3.729273e+07
270 2.69 1.217523e-11 3.721822e+07
271 2.70 1.029945e-11 3.714386e+07
272 2.71 8.715573e-12 3.706964e+07
273 2.72 7.377730e-12 3.699558e+07
274 2.73 6.247325e-12 3.692166e+07
275 2.74 5.291878e-12 3.684789e+07
276 2.75 4.484041e-12 3.677427e+07
277 2.76 3.800782e-12 3.670080e+07
278 2.77 3.222700e-12 3.662747e+07
279 2.78 2.733443e-12 3.655429e+07
280 2.79 2.319225e-12 3.648125e+07
281 2.80 1.968423e-12 3.640836e+07
282 2.81 1.671230e-12 3.633562e+07
283 2.82 1.419371e-12 3.626302e+07
284 2.83 1.205862e-12 3.619056e+07
285 2.84 1.024804e-12 3.611826e+07
286 2.85 8.712140e-13 3.604609e+07
287 2.86 7.408835e-13 3.597407e+07
288 2.87 6.302540e-13 3.590219e+07
289 2.88 5.363171e-13 3.583046e+07
290 2.89 4.565283e-13 3.575887e+07
291 2.90 3.887349e-13 3.568743e+07
292 2.91 3.311150e-13 3.561612e+07
293 2.92 2.821261e-13 3.554496e+07
294 2.93 2.404622e-13 3.547394e+07
295 2.94 2.050165e-13 3.540307e+07
296 2.95 1.748515e-13 3.533233e+07
297 2.96 1.491722e-13 3.526174e+07
298 2.97 1.273046e-13 3.519128e+07
299 2.98 1.086771e-13 3.512097e+07
300 2.99 9.280457e-14 3.505080e+07
301 3.00 7.927524e-14 3.498077e+07
302 3.01 6.773958e-14 3.491088e+07
303 3.02 5.790070e-14 3.484112e+07
304 3.03 4.950641e-14 3.477151e+07
305 3.04 4.234234e-14 3.470204e+07
306 3.05 3.622630e-14 3.463270e+07
307 3.06 3.100333e-14 3.456351e+07
308 3.07 2.654165e-14 3.449445e+07
309 3.08 2.272910e-14 3.442553e+07
310 3.09 1.947024e-14 3.435675e+07
311 3.10 1.668378e-14 3.428810e+07
312 3.11 1.430051e-14 3.421959e+07
313 3.12 1.226147e-14 3.415122e+07
314 3.13 1.051640e-14 3.408299e+07
315 3.14 9.022455e-15 3.401489e+07
316 3.15 7.743109e-15 3.394693e+07
317 3.16 6.647199e-15 3.387910e+07
318 3.17 5.708137e-15 3.381141e+07
319 3.18 4.903230e-15 3.374386e+07
320 3.19 4.213102e-15 3.367644e+07
321 3.20 3.621207e-15 3.360915e+07
322 3.21 3.113409e-15 3.354200e+07
323 3.22 2.677626e-15 3.347498e+07
324 3.23 2.303534e-15 3.340810e+07
325 3.24 1.982303e-15 3.334135e+07
326 3.25 1.706379e-15 3.327474e+07
327 3.26 1.469302e-15 3.320825e+07
328 3.27 1.265542e-15 3.314190e+07
329 3.28 1.090364e-15 3.307569e+07
330 3.29 9.397143e-16 3.300960e+07
331 3.30 8.101195e-16 3.294365e+07
332 3.31 6.986041e-16 3.287783e+07
333 3.32 6.026174e-16 3.281214e+07
 [ reached 'max' / getOption("max.print") -- omitted 14668 rows ]
