    time        S        I          R
1   0.00 11459998 2.000000 0.00000000
2   0.01 11459998 2.003559 0.01645920
3   0.02 11459998 2.007124 0.03294768
4   0.03 11459998 2.010695 0.04946550
5   0.04 11459998 2.014272 0.06601270
6   0.05 11459998 2.017856 0.08258935
7   0.06 11459998 2.021447 0.09919550
8   0.07 11459998 2.025044 0.11583119
9   0.08 11459998 2.028647 0.13249648
10  0.09 11459998 2.032256 0.14919142
11  0.10 11459998 2.035872 0.16591607
12  0.11 11459998 2.039495 0.18267047
13  0.12 11459998 2.043123 0.19945469
14  0.13 11459998 2.046759 0.21626877
15  0.14 11459998 2.050401 0.23311277
16  0.15 11459998 2.054049 0.24998674
17  0.16 11459998 2.057704 0.26689073
18  0.17 11459998 2.061365 0.28382480
19  0.18 11459998 2.065033 0.30078900
20  0.19 11459998 2.068707 0.31778339
21  0.20 11459998 2.072388 0.33480801
22  0.21 11459998 2.076075 0.35186292
23  0.22 11459998 2.079769 0.36894819
24  0.23 11459998 2.083470 0.38606385
25  0.24 11459998 2.087177 0.40320996
26  0.25 11459997 2.090890 0.42038658
27  0.26 11459997 2.094611 0.43759377
28  0.27 11459997 2.098338 0.45483157
29  0.28 11459997 2.102071 0.47210004
30  0.29 11459997 2.105812 0.48939924
31  0.30 11459997 2.109558 0.50672922
32  0.31 11459997 2.113312 0.52409003
33  0.32 11459997 2.117072 0.54148173
34  0.33 11459997 2.120839 0.55890438
35  0.34 11459997 2.124613 0.57635803
36  0.35 11459997 2.128393 0.59384273
37  0.36 11459997 2.132180 0.61135855
38  0.37 11459997 2.135974 0.62890553
39  0.38 11459997 2.139774 0.64648373
40  0.39 11459997 2.143582 0.66409321
41  0.40 11459997 2.147396 0.68173402
42  0.41 11459997 2.151216 0.69940622
43  0.42 11459997 2.155044 0.71710986
44  0.43 11459997 2.158879 0.73484500
45  0.44 11459997 2.162720 0.75261170
46  0.45 11459997 2.166568 0.77041001
47  0.46 11459997 2.170423 0.78823999
48  0.47 11459997 2.174285 0.80610169
49  0.48 11459997 2.178153 0.82399518
50  0.49 11459997 2.182029 0.84192050
51  0.50 11459997 2.185911 0.85987772
52  0.51 11459997 2.189801 0.87786689
53  0.52 11459997 2.193697 0.89588807
54  0.53 11459997 2.197600 0.91394131
55  0.54 11459997 2.201511 0.93202667
56  0.55 11459997 2.205428 0.95014422
57  0.56 11459997 2.209352 0.96829399
58  0.57 11459997 2.213283 0.98647607
59  0.58 11459997 2.217221 1.00469049
60  0.59 11459997 2.221166 1.02293733
61  0.60 11459997 2.225118 1.04121663
62  0.61 11459997 2.229077 1.05952845
63  0.62 11459997 2.233044 1.07787286
64  0.63 11459997 2.237017 1.09624990
65  0.64 11459997 2.240997 1.11465965
66  0.65 11459997 2.244984 1.13310215
67  0.66 11459997 2.248979 1.15157746
68  0.67 11459997 2.252981 1.17008565
69  0.68 11459997 2.256989 1.18862677
70  0.69 11459997 2.261005 1.20720088
71  0.70 11459997 2.265028 1.22580804
72  0.71 11459996 2.269058 1.24444831
73  0.72 11459996 2.273096 1.26312174
74  0.73 11459996 2.277140 1.28182840
75  0.74 11459996 2.281192 1.30056835
76  0.75 11459996 2.285251 1.31934163
77  0.76 11459996 2.289317 1.33814832
78  0.77 11459996 2.293390 1.35698848
79  0.78 11459996 2.297471 1.37586215
80  0.79 11459996 2.301559 1.39476941
81  0.80 11459996 2.305654 1.41371031
82  0.81 11459996 2.309756 1.43268491
83  0.82 11459996 2.313866 1.45169327
84  0.83 11459996 2.317983 1.47073545
85  0.84 11459996 2.322107 1.48981152
86  0.85 11459996 2.326239 1.50892153
87  0.86 11459996 2.330378 1.52806553
88  0.87 11459996 2.334525 1.54724361
89  0.88 11459996 2.338678 1.56645580
90  0.89 11459996 2.342840 1.58570218
91  0.90 11459996 2.347008 1.60498281
92  0.91 11459996 2.351184 1.62429774
93  0.92 11459996 2.355368 1.64364703
94  0.93 11459996 2.359559 1.66303076
95  0.94 11459996 2.363757 1.68244897
96  0.95 11459996 2.367963 1.70190174
97  0.96 11459996 2.372176 1.72138912
98  0.97 11459996 2.376397 1.74091117
99  0.98 11459996 2.380625 1.76046795
100 0.99 11459996 2.384861 1.78005954
101 1.00 11459996 2.389104 1.79968598
102 1.01 11459996 2.393355 1.81934735
103 1.02 11459996 2.397614 1.83904369
104 1.03 11459996 2.401880 1.85877509
105 1.04 11459996 2.406154 1.87854159
106 1.05 11459996 2.410435 1.89834326
107 1.06 11459996 2.414724 1.91818017
108 1.07 11459996 2.419020 1.93805237
109 1.08 11459996 2.423324 1.95795993
110 1.09 11459996 2.427636 1.97790291
111 1.10 11459996 2.431956 1.99788137
112 1.11 11459996 2.436283 2.01789538
113 1.12 11459996 2.440618 2.03794501
114 1.13 11459995 2.444960 2.05803030
115 1.14 11459995 2.449310 2.07815134
116 1.15 11459995 2.453669 2.09830817
117 1.16 11459995 2.458034 2.11850088
118 1.17 11459995 2.462408 2.13872951
119 1.18 11459995 2.466789 2.15899413
120 1.19 11459995 2.471178 2.17929481
121 1.20 11459995 2.475575 2.19963161
122 1.21 11459995 2.479980 2.22000459
123 1.22 11459995 2.484393 2.24041383
124 1.23 11459995 2.488813 2.26085938
125 1.24 11459995 2.493242 2.28134130
126 1.25 11459995 2.497678 2.30185968
127 1.26 11459995 2.502122 2.32241455
128 1.27 11459995 2.506574 2.34300601
129 1.28 11459995 2.511034 2.36363410
130 1.29 11459995 2.515502 2.38429889
131 1.30 11459995 2.519977 2.40500045
132 1.31 11459995 2.524461 2.42573885
133 1.32 11459995 2.528953 2.44651415
134 1.33 11459995 2.533453 2.46732641
135 1.34 11459995 2.537960 2.48817570
136 1.35 11459995 2.542476 2.50906209
137 1.36 11459995 2.547000 2.52998564
138 1.37 11459995 2.551532 2.55094643
139 1.38 11459995 2.556072 2.57194450
140 1.39 11459995 2.560620 2.59297994
141 1.40 11459995 2.565176 2.61405281
142 1.41 11459995 2.569740 2.63516317
143 1.42 11459995 2.574312 2.65631110
144 1.43 11459995 2.578893 2.67749665
145 1.44 11459995 2.583482 2.69871990
146 1.45 11459995 2.588078 2.71998091
147 1.46 11459995 2.592683 2.74127974
148 1.47 11459995 2.597296 2.76261648
149 1.48 11459995 2.601918 2.78399118
150 1.49 11459995 2.606547 2.80540391
151 1.50 11459995 2.611185 2.82685475
152 1.51 11459995 2.615831 2.84834374
153 1.52 11459995 2.620486 2.86987098
154 1.53 11459994 2.625148 2.89143652
155 1.54 11459994 2.629819 2.91304043
156 1.55 11459994 2.634498 2.93468277
157 1.56 11459994 2.639186 2.95636363
158 1.57 11459994 2.643882 2.97808306
159 1.58 11459994 2.648586 2.99984114
160 1.59 11459994 2.653299 3.02163794
161 1.60 11459994 2.658020 3.04347351
162 1.61 11459994 2.662749 3.06534794
163 1.62 11459994 2.667487 3.08726129
164 1.63 11459994 2.672233 3.10921363
165 1.64 11459994 2.676988 3.13120502
166 1.65 11459994 2.681751 3.15323555
167 1.66 11459994 2.686522 3.17530528
168 1.67 11459994 2.691303 3.19741427
169 1.68 11459994 2.696091 3.21956261
170 1.69 11459994 2.700888 3.24175035
171 1.70 11459994 2.705694 3.26397757
172 1.71 11459994 2.710508 3.28624434
173 1.72 11459994 2.715331 3.30855072
174 1.73 11459994 2.720162 3.33089680
175 1.74 11459994 2.725002 3.35328264
176 1.75 11459994 2.729851 3.37570831
177 1.76 11459994 2.734708 3.39817388
178 1.77 11459994 2.739574 3.42067942
179 1.78 11459994 2.744448 3.44322501
180 1.79 11459994 2.749332 3.46581071
181 1.80 11459994 2.754223 3.48843660
182 1.81 11459994 2.759124 3.51110274
183 1.82 11459994 2.764033 3.53380922
184 1.83 11459994 2.768951 3.55655610
185 1.84 11459994 2.773878 3.57934345
186 1.85 11459994 2.778814 3.60217135
187 1.86 11459994 2.783758 3.62503986
188 1.87 11459994 2.788711 3.64794907
189 1.88 11459994 2.793673 3.67089903
190 1.89 11459994 2.798644 3.69388983
191 1.90 11459993 2.803623 3.71692154
192 1.91 11459993 2.808612 3.73999423
193 1.92 11459993 2.813609 3.76310797
194 1.93 11459993 2.818615 3.78626284
195 1.94 11459993 2.823631 3.80945890
196 1.95 11459993 2.828655 3.83269624
197 1.96 11459993 2.833688 3.85597493
198 1.97 11459993 2.838730 3.87929503
199 1.98 11459993 2.843781 3.90265663
200 1.99 11459993 2.848840 3.92605980
201 2.00 11459993 2.853909 3.94950460
202 2.01 11459993 2.858987 3.97299113
203 2.02 11459993 2.864074 3.99651944
204 2.03 11459993 2.869170 4.02008961
205 2.04 11459993 2.874275 4.04370172
206 2.05 11459993 2.879390 4.06735585
207 2.06 11459993 2.884513 4.09105206
208 2.07 11459993 2.889645 4.11479044
209 2.08 11459993 2.894787 4.13857105
210 2.09 11459993 2.899937 4.16239398
211 2.10 11459993 2.905097 4.18625929
212 2.11 11459993 2.910266 4.21016707
213 2.12 11459993 2.915444 4.23411738
214 2.13 11459993 2.920632 4.25811031
215 2.14 11459993 2.925829 4.28214594
216 2.15 11459993 2.931034 4.30622432
217 2.16 11459993 2.936250 4.33034555
218 2.17 11459993 2.941474 4.35450970
219 2.18 11459993 2.946708 4.37871684
220 2.19 11459993 2.951951 4.40296706
221 2.20 11459993 2.957203 4.42726042
222 2.21 11459993 2.962465 4.45159701
223 2.22 11459993 2.967736 4.47597690
224 2.23 11459993 2.973017 4.50040017
225 2.24 11459992 2.978306 4.52486690
226 2.25 11459992 2.983606 4.54937715
227 2.26 11459992 2.988914 4.57393102
228 2.27 11459992 2.994232 4.59852858
229 2.28 11459992 2.999560 4.62316991
230 2.29 11459992 3.004897 4.64785507
231 2.30 11459992 3.010244 4.67258416
232 2.31 11459992 3.015600 4.69735726
233 2.32 11459992 3.020966 4.72217442
234 2.33 11459992 3.026341 4.74703575
235 2.34 11459992 3.031725 4.77194131
236 2.35 11459992 3.037120 4.79689119
237 2.36 11459992 3.042524 4.82188546
238 2.37 11459992 3.047937 4.84692420
239 2.38 11459992 3.053360 4.87200749
240 2.39 11459992 3.058793 4.89713541
241 2.40 11459992 3.064236 4.92230805
242 2.41 11459992 3.069688 4.94752547
243 2.42 11459992 3.075150 4.97278776
244 2.43 11459992 3.080621 4.99809500
245 2.44 11459992 3.086103 5.02344727
246 2.45 11459992 3.091594 5.04884465
247 2.46 11459992 3.097095 5.07428721
248 2.47 11459992 3.102605 5.09977505
249 2.48 11459992 3.108126 5.12530824
250 2.49 11459992 3.113656 5.15088686
 [ reached 'max' / getOption("max.print") -- omitted 14751 rows ]
